</var/ftp/usrflash/Project/PMAC Script Language/Libraries/timer.pmc>,100000
0,4
1,5
2,6
3,6
4,10
5,11
6,12
7,12
8,13
<end>
</var/ftp/usrflash/Project/PMAC Script Language/Libraries/timer.pmc>,100001
0,16
1,17
2,18
3,19
4,20
5,21
6,21
7,22
<end>
</var/ftp/usrflash/Project/PMAC Script Language/Libraries/Cal_SubProg.pmc>,100002
0,7
1,8
2,9
3,13
4,14
5,16
6,17
7,18
8,19
9,20
10,21
11,22
12,23
13,25
14,26
15,27
16,28
17,29
18,30
19,31
20,32
21,33
22,34
23,35
24,36
25,36
26,44
27,45
28,46
29,47
30,48
31,49
32,51
33,52
34,53
35,54
36,55
37,56
38,57
39,58
40,59
41,59
42,67
43,68
44,69
45,70
46,72
47,73
48,74
49,75
50,76
51,77
52,78
53,79
54,80
55,80
56,87
57,88
58,88
59,95
60,96
61,96
62,99
<end>
</var/ftp/usrflash/Project/PMAC Script Language/Libraries/MC_SubProg.pmc>,100003
0,6
1,7
2,8
3,9
4,10
5,11
6,12
7,13
8,14
9,15
10,16
11,17
12,18
13,19
14,19
15,22
16,23
17,24
18,25
19,26
20,27
21,28
22,29
23,30
24,31
25,32
26,33
27,34
28,34
29,37
30,38
31,39
32,40
33,41
34,42
35,43
36,44
37,45
38,46
39,47
40,48
41,49
42,50
43,51
44,52
45,53
46,53
47,56
48,57
49,58
50,59
51,60
52,61
53,62
54,63
55,64
56,65
57,66
58,67
59,68
60,69
61,70
62,71
63,71
64,74
65,75
66,76
67,77
68,78
69,79
70,80
71,81
72,82
73,83
74,84
75,84
76,87
77,88
78,89
79,90
80,91
81,92
82,93
83,94
84,95
85,96
86,98
87,99
88,100
89,101
90,102
91,103
92,104
93,106
94,107
95,108
96,109
97,110
98,111
99,112
100,113
101,114
102,115
103,116
104,116
105,119
106,120
107,121
108,122
109,123
110,124
111,125
112,126
113,127
114,128
115,130
116,131
117,132
118,133
119,134
120,135
121,136
122,138
123,139
124,140
125,141
126,142
127,143
128,144
129,145
130,146
131,147
132,148
133,148
134,151
135,152
136,153
137,154
138,155
139,156
140,157
141,158
142,159
143,160
144,161
145,162
146,163
147,164
148,166
149,167
150,168
151,169
152,170
153,171
154,172
155,173
156,174
157,175
158,176
159,178
160,179
161,180
162,181
163,182
164,183
165,184
166,185
167,186
168,187
169,188
170,189
171,190
172,191
173,192
174,193
175,194
176,195
177,196
178,196
179,199
180,200
181,201
182,202
183,203
184,204
185,205
186,206
187,207
188,208
189,209
190,210
191,211
192,212
193,213
194,215
195,216
196,217
197,218
198,219
199,220
200,221
201,223
202,224
203,225
204,226
205,227
206,228
207,229
208,230
209,231
210,232
211,233
212,234
213,235
214,236
215,237
216,238
217,239
218,240
219,240
220,243
221,244
222,245
223,246
224,247
225,248
226,249
227,250
228,251
229,252
230,253
231,254
232,255
233,256
234,257
235,258
236,259
237,260
238,261
239,262
240,263
241,264
242,265
243,266
244,267
245,268
246,269
247,270
248,270
249,273
250,274
251,275
252,275
253,278
254,280
255,281
256,282
257,283
258,284
259,285
260,286
261,287
262,288
263,289
264,289
265,292
266,294
267,295
268,296
269,297
270,298
271,299
272,300
273,301
274,302
275,303
276,303
277,306
278,307
279,308
280,309
281,311
282,312
283,313
284,314
285,315
286,316
287,317
288,318
289,319
290,320
291,320
292,321
<end>
</var/ftp/usrflash/Project/PMAC Script Language/Libraries/Mtr_Chk_SubProg.pmc>,100004
0,5
1,6
2,7
3,8
4,9
5,10
6,11
7,12
8,13
9,14
10,15
11,16
12,17
13,18
14,19
15,20
16,21
17,22
18,23
19,24
20,25
21,26
22,27
23,28
24,29
25,30
26,31
27,32
28,33
29,34
30,35
31,36
32,36
33,41
34,42
35,43
36,44
37,45
38,46
39,47
40,48
41,49
42,50
43,51
44,52
45,53
46,54
47,55
48,56
49,57
50,58
51,59
52,60
53,61
54,62
55,63
56,64
57,65
58,66
59,67
60,68
61,69
62,70
63,71
64,72
65,73
66,74
67,75
68,76
69,76
70,80
71,81
72,82
73,83
74,84
75,85
76,86
77,87
78,88
79,89
80,90
81,91
82,92
83,93
84,94
85,95
86,96
87,97
88,98
89,99
90,100
91,101
92,102
93,103
94,104
95,105
96,106
97,106
98,111
99,112
100,113
101,114
102,115
103,116
104,117
105,118
106,119
107,120
108,121
109,122
110,123
111,124
112,125
113,127
114,128
115,129
116,130
117,131
118,132
119,133
120,134
121,135
122,136
123,137
124,138
125,138
126,142
127,143
128,144
129,145
130,146
131,147
132,148
133,149
134,150
135,151
136,152
137,153
138,154
139,155
140,156
141,157
142,158
143,159
144,160
145,161
146,162
147,163
148,164
149,165
150,166
151,166
152,170
153,171
154,172
155,173
156,174
157,175
158,176
159,177
160,178
161,179
162,179
163,182
164,183
165,184
166,185
167,186
168,187
169,188
170,189
171,190
172,191
173,191
174,194
175,195
176,196
177,197
178,198
179,199
180,200
181,201
182,202
183,203
184,204
185,205
186,206
187,206
188,209
189,210
190,211
191,212
192,213
193,214
194,215
195,216
196,217
197,218
198,219
199,220
200,221
201,221
202,224
203,225
204,225
205,228
206,229
207,229
208,232
209,233
210,233
211,237
212,238
213,239
214,240
215,241
216,242
217,243
218,244
219,245
220,246
221,247
222,248
223,249
224,250
225,251
226,252
227,253
228,254
229,255
230,256
231,257
232,258
233,259
234,260
235,261
236,262
237,263
238,264
239,265
240,266
241,267
242,268
243,269
244,270
245,271
246,272
247,273
248,274
249,275
250,276
251,277
252,278
253,279
254,280
255,281
256,282
257,283
258,284
259,285
260,286
261,287
262,288
263,289
264,290
265,291
266,292
267,293
268,294
269,295
270,296
271,297
272,298
273,299
274,300
275,301
276,302
277,303
278,304
279,305
280,306
281,307
282,308
283,309
284,310
285,311
286,312
287,313
288,314
289,315
290,316
291,317
292,318
293,319
294,320
295,321
296,322
297,323
298,324
299,325
300,326
301,327
302,328
303,329
304,330
305,331
306,332
307,333
308,334
309,335
310,336
311,337
312,338
313,339
314,340
315,341
316,342
317,343
318,344
319,345
320,346
321,347
322,348
323,349
324,350
325,351
326,352
327,353
328,354
329,355
330,356
331,357
332,358
333,359
334,360
335,361
336,362
337,363
338,364
339,365
340,366
341,367
342,368
343,369
344,370
345,371
346,372
347,373
348,374
349,375
350,376
351,377
352,378
353,379
354,380
355,381
356,382
357,383
358,384
359,385
360,386
361,387
362,388
363,389
364,390
365,391
366,392
367,393
368,394
369,395
370,396
371,397
372,398
373,399
374,400
375,401
376,402
377,403
378,404
379,405
380,406
381,407
382,408
383,409
384,410
385,411
386,412
387,413
388,414
389,415
390,416
391,417
392,418
393,419
394,420
395,421
396,422
397,423
398,424
399,425
400,426
401,427
402,428
403,429
404,430
405,431
406,432
407,433
408,434
409,435
410,436
411,437
412,438
413,439
414,440
415,441
416,442
417,443
418,444
419,445
420,446
421,447
422,448
423,449
424,450
425,451
426,452
427,453
428,454
429,455
430,456
431,457
432,458
433,459
434,460
435,461
436,462
437,463
438,464
439,465
440,466
441,467
442,468
443,469
444,470
445,471
446,472
447,473
448,474
449,475
450,476
451,477
452,478
453,479
454,480
455,481
456,482
457,483
458,484
459,485
460,486
461,487
462,489
463,490
464,491
465,492
466,493
467,494
468,495
469,496
470,497
471,498
472,498
473,501
474,502
475,503
476,504
477,505
478,506
479,507
480,508
481,509
482,510
483,511
484,512
485,513
486,514
487,515
488,516
489,517
490,518
491,519
492,520
493,521
494,522
495,523
496,524
497,525
498,526
499,527
500,528
501,529
502,530
503,531
504,532
505,533
506,534
507,535
508,536
509,537
510,538
511,539
512,540
513,541
514,542
515,543
516,544
517,545
518,546
519,547
520,548
521,549
522,550
523,551
524,552
525,553
526,554
527,555
528,556
529,557
530,558
531,559
532,560
533,561
534,562
535,563
536,564
537,565
538,566
539,567
540,568
541,569
542,570
543,571
544,572
545,573
546,574
547,575
548,576
549,577
550,578
551,579
552,580
553,581
554,582
555,583
556,584
557,585
558,586
559,587
560,588
561,589
562,590
563,591
564,592
565,593
566,594
567,595
568,596
569,597
570,598
571,599
572,600
573,601
574,602
575,603
576,604
577,605
578,606
579,607
580,608
581,609
582,610
583,611
584,612
585,613
586,614
587,615
588,616
589,617
590,618
591,619
592,620
593,621
594,622
595,623
596,624
597,625
598,626
599,627
600,628
601,629
602,630
603,631
604,632
605,633
606,634
607,635
608,636
609,637
610,638
611,639
612,640
613,641
614,642
615,643
616,644
617,645
618,646
619,647
620,648
621,649
622,650
623,651
624,652
625,653
626,654
627,655
628,656
629,657
630,658
631,659
632,660
633,661
634,662
635,663
636,664
637,665
638,666
639,667
640,673
641,674
642,675
643,676
644,677
645,678
646,679
647,680
648,681
649,682
650,683
651,684
652,685
653,686
654,687
655,688
656,689
657,690
658,691
659,692
660,693
661,694
662,695
663,701
664,702
665,703
666,704
667,705
668,706
669,707
670,708
671,709
672,710
673,711
674,712
675,713
676,714
677,715
678,716
679,717
680,718
681,719
682,720
683,721
684,722
685,723
686,724
687,725
688,726
689,727
690,728
691,729
692,730
693,731
694,732
695,733
696,734
697,735
698,736
699,737
700,738
701,739
702,740
703,741
704,742
705,743
706,744
707,745
708,746
709,747
710,748
711,749
712,750
713,751
714,752
715,753
716,754
717,755
718,756
719,757
720,758
721,759
722,760
723,761
724,762
725,763
726,764
727,765
728,766
729,767
730,768
731,769
732,770
733,771
734,772
735,773
736,774
737,775
738,776
739,777
740,778
741,779
742,780
743,781
744,782
745,783
746,784
747,785
748,786
749,787
750,788
751,789
752,790
753,792
754,793
755,794
756,795
757,796
758,797
759,798
760,799
761,800
762,801
763,801
764,805
765,806
766,807
767,808
768,809
769,810
770,811
771,812
772,813
773,813
774,814
<end>
</var/ftp/usrflash/Project/PMAC Script Language/Libraries/Mtr_Chk_SubProg.pmc>,100005
0,820
1,821
2,822
3,823
4,824
5,825
6,826
7,827
8,828
9,829
10,830
11,831
12,832
13,833
14,835
15,836
16,837
17,838
18,839
19,840
20,841
21,842
22,843
23,844
24,845
25,846
26,847
27,848
28,849
29,850
30,851
31,852
32,853
33,854
34,855
35,856
36,857
37,858
38,859
39,860
40,861
41,862
42,863
43,864
44,864
45,867
46,868
47,869
48,870
49,871
50,872
51,873
52,874
53,875
54,876
55,877
56,878
57,879
58,880
59,881
60,882
61,883
62,884
63,884
64,887
65,888
66,889
67,890
68,891
69,892
70,893
71,894
72,895
73,896
74,897
75,898
76,899
77,900
78,901
79,902
80,903
81,904
82,905
83,905
84,908
85,909
86,910
87,911
88,912
89,913
90,914
91,915
92,916
93,917
94,918
95,919
96,920
97,921
98,922
99,923
100,924
101,925
102,926
103,927
104,928
105,929
106,930
107,931
108,932
109,933
110,934
111,935
112,936
113,937
114,938
115,939
116,940
117,941
118,942
119,943
120,944
121,945
122,946
123,947
124,948
125,948
126,952
127,953
128,954
129,955
130,956
131,957
132,958
133,959
134,960
135,961
136,962
137,963
138,964
139,965
140,966
141,967
142,968
143,969
144,970
145,971
146,972
147,973
148,974
149,975
150,976
151,977
152,978
153,979
154,980
155,981
156,982
157,983
158,984
159,985
160,986
161,987
162,988
163,989
164,990
165,991
166,992
167,993
168,994
169,995
170,996
171,997
172,998
173,999
174,1000
175,1001
176,1002
177,1003
178,1004
179,1005
180,1006
181,1007
182,1008
183,1009
184,1010
185,1011
186,1012
187,1013
188,1014
189,1015
190,1016
191,1017
192,1018
193,1019
194,1020
195,1021
196,1022
197,1023
198,1024
199,1025
200,1026
201,1027
202,1028
203,1029
204,1029
205,1034
206,1035
207,1036
208,1037
209,1038
210,1039
211,1040
212,1041
213,1042
214,1043
215,1044
216,1045
217,1046
218,1047
219,1048
220,1049
221,1050
222,1051
223,1052
224,1053
225,1054
226,1055
227,1056
228,1057
229,1058
230,1059
231,1060
232,1061
233,1062
234,1063
235,1064
236,1065
237,1066
238,1067
239,1068
240,1069
241,1070
242,1071
243,1072
244,1073
245,1074
246,1075
247,1076
248,1077
249,1078
250,1079
251,1080
252,1081
253,1082
254,1083
255,1084
256,1085
257,1086
258,1087
259,1088
260,1089
261,1090
262,1091
263,1092
264,1093
265,1094
266,1095
267,1096
268,1097
269,1098
270,1099
271,1100
272,1101
273,1102
274,1103
275,1104
276,1105
277,1106
278,1107
279,1108
280,1109
281,1110
282,1113
283,1113
284,1116
285,1117
286,1118
287,1119
288,1120
289,1121
290,1122
291,1123
292,1124
293,1125
294,1126
295,1127
296,1128
297,1129
298,1130
299,1131
300,1132
301,1132
302,1135
303,1136
304,1137
305,1138
306,1139
307,1140
308,1141
309,1142
310,1143
311,1144
312,1145
313,1146
314,1147
315,1148
316,1149
317,1150
318,1151
319,1152
320,1153
321,1154
322,1155
323,1156
324,1157
325,1158
326,1159
327,1160
328,1161
329,1162
330,1163
331,1164
332,1165
333,1166
334,1167
335,1168
336,1169
337,1170
338,1171
339,1172
340,1173
341,1174
342,1175
343,1176
344,1177
345,1178
346,1179
347,1180
348,1181
349,1182
350,1183
351,1184
352,1185
353,1186
354,1187
355,1188
356,1189
357,1190
358,1191
359,1192
360,1193
361,1194
362,1195
363,1196
364,1197
365,1198
366,1199
367,1200
368,1201
369,1202
370,1202
371,1205
372,1207
373,1208
374,1209
375,1210
376,1211
377,1212
378,1213
379,1214
380,1215
381,1216
382,1217
383,1218
384,1219
385,1220
386,1221
387,1222
388,1223
389,1224
390,1225
391,1226
392,1227
393,1228
394,1229
395,1230
396,1231
397,1232
398,1233
399,1234
400,1235
401,1236
402,1237
403,1238
404,1239
405,1240
406,1241
407,1242
408,1243
409,1244
410,1245
411,1246
412,1247
413,1248
414,1249
415,1250
416,1251
417,1252
418,1253
419,1254
420,1255
421,1256
422,1257
423,1258
424,1259
425,1260
426,1261
427,1262
428,1263
429,1264
430,1265
431,1266
432,1267
433,1268
434,1269
435,1270
436,1271
437,1272
438,1273
439,1274
440,1275
441,1276
442,1277
443,1278
444,1279
445,1280
446,1281
447,1282
448,1283
449,1284
450,1285
451,1286
452,1287
453,1288
454,1289
455,1290
456,1291
457,1292
458,1293
459,1294
460,1295
461,1296
462,1297
463,1298
464,1299
465,1300
466,1301
467,1302
468,1303
469,1304
470,1305
471,1306
472,1307
473,1308
474,1309
475,1310
476,1311
477,1312
478,1313
479,1314
480,1315
481,1316
482,1317
483,1318
484,1319
485,1320
486,1321
487,1322
488,1323
489,1324
490,1325
491,1326
492,1327
493,1328
494,1329
495,1330
496,1331
497,1332
498,1333
499,1334
500,1335
501,1336
502,1337
503,1338
504,1339
505,1340
506,1341
507,1342
508,1343
509,1344
510,1345
511,1346
512,1347
513,1348
514,1349
515,1350
516,1351
517,1352
518,1353
519,1354
520,1355
521,1356
522,1357
523,1358
524,1359
525,1360
526,1361
527,1362
528,1363
529,1364
530,1365
531,1366
532,1367
533,1368
534,1369
535,1370
536,1371
537,1372
538,1373
539,1374
540,1375
541,1376
542,1377
543,1378
544,1379
545,1380
546,1381
547,1382
548,1383
549,1384
550,1385
551,1386
552,1387
553,1388
554,1389
555,1390
556,1391
557,1392
558,1393
559,1394
560,1395
561,1396
562,1397
563,1398
564,1399
565,1400
566,1401
567,1402
568,1403
569,1404
570,1405
571,1406
572,1407
573,1408
574,1409
575,1410
576,1411
577,1412
578,1413
579,1414
580,1415
581,1416
582,1417
583,1418
584,1419
585,1420
586,1421
587,1422
588,1423
589,1424
590,1425
591,1426
592,1427
593,1428
594,1429
595,1430
596,1431
597,1432
598,1433
599,1434
600,1435
601,1436
602,1438
603,1438
604,1439
<end>
</var/ftp/usrflash/Project/PMAC Script Language/Libraries/Mtr_Cmd_SubProg.pmc>,100006
0,6
1,7
2,8
3,9
4,10
5,11
6,12
7,13
8,14
9,15
10,16
11,17
12,18
13,19
14,20
15,21
16,22
17,23
18,24
19,25
20,26
21,27
22,28
23,29
24,30
25,31
26,32
27,33
28,34
29,35
30,36
31,37
32,38
33,39
34,40
35,41
36,42
37,43
38,44
39,45
40,46
41,47
42,48
43,49
44,50
45,50
46,53
47,54
48,55
49,56
50,57
51,58
52,59
53,60
54,61
55,62
56,63
57,64
58,65
59,66
60,67
61,68
62,69
63,70
64,71
65,72
66,73
67,74
68,75
69,76
70,77
71,78
72,79
73,80
74,81
75,82
76,83
77,84
78,85
79,86
80,87
81,88
82,89
83,90
84,91
85,92
86,93
87,94
88,95
89,96
90,97
91,98
92,99
93,99
94,102
95,103
96,104
97,106
98,107
99,108
100,109
101,110
102,111
103,112
104,113
105,114
106,115
107,116
108,117
109,118
110,119
111,120
112,121
113,122
114,123
115,124
116,125
117,126
118,127
119,128
120,129
121,130
122,131
123,132
124,133
125,134
126,135
127,136
128,137
129,138
130,139
131,140
132,141
133,142
134,142
135,145
136,146
137,147
138,148
139,149
140,150
141,151
142,152
143,153
144,154
145,155
146,156
147,157
148,158
149,159
150,160
151,161
152,162
153,163
154,164
155,165
156,166
157,167
158,168
159,169
160,170
161,171
162,172
163,173
164,174
165,175
166,176
167,177
168,178
169,179
170,180
171,181
172,182
173,183
174,184
175,184
176,187
177,188
178,189
179,190
180,191
181,192
182,193
183,194
184,195
185,196
186,197
187,198
188,199
189,200
190,201
191,202
192,203
193,204
194,205
195,206
196,207
197,208
198,209
199,210
200,211
201,212
202,213
203,214
204,215
205,216
206,217
207,218
208,219
209,220
210,221
211,222
212,223
213,224
214,225
215,226
216,227
217,228
218,229
219,230
220,231
221,232
222,233
223,234
224,235
225,236
226,237
227,238
228,239
229,240
230,241
231,242
232,243
233,244
234,245
235,246
236,246
237,249
238,250
239,251
240,252
241,253
242,254
243,255
244,256
245,257
246,258
247,259
248,260
249,261
250,262
251,263
252,264
253,265
254,266
255,267
256,268
257,269
258,270
259,271
260,272
261,273
262,274
263,275
264,276
265,277
266,278
267,279
268,280
269,281
270,282
271,283
272,284
273,285
274,286
275,287
276,288
277,289
278,290
279,291
280,292
281,293
282,294
283,295
284,296
285,297
286,298
287,299
288,300
289,301
290,302
291,303
292,304
293,305
294,306
295,307
296,308
297,308
298,311
299,312
300,313
301,315
302,316
303,317
304,318
305,319
306,320
307,321
308,322
309,323
310,324
311,325
312,326
313,327
314,328
315,329
316,330
317,331
318,332
319,333
320,334
321,335
322,336
323,337
324,338
325,339
326,340
327,341
328,342
329,343
330,344
331,345
332,346
333,347
334,348
335,349
336,350
337,351
338,352
339,353
340,354
341,355
342,356
343,357
344,358
345,359
346,360
347,361
348,362
349,362
350,365
351,366
352,367
353,369
354,370
355,371
356,372
357,373
358,374
359,375
360,376
361,377
362,378
363,379
364,380
365,381
366,382
367,383
368,384
369,385
370,386
371,387
372,388
373,389
374,390
375,391
376,392
377,393
378,394
379,395
380,396
381,397
382,398
383,399
384,400
385,401
386,402
387,403
388,404
389,405
390,406
391,407
392,408
393,409
394,410
395,411
396,412
397,413
398,414
399,415
400,416
401,417
402,418
403,419
404,420
405,421
406,422
407,423
408,424
409,425
410,426
411,427
412,427
413,430
414,431
415,432
416,434
417,435
418,436
419,437
420,438
421,439
422,440
423,441
424,441
425,444
426,445
427,446
428,447
429,448
430,449
431,450
432,451
433,452
434,453
435,454
436,455
437,456
438,456
439,460
440,461
441,462
442,463
443,464
444,465
445,466
446,467
447,468
448,469
449,469
450,472
451,473
452,474
453,475
454,476
455,477
456,478
457,479
458,480
459,481
460,482
461,482
462,485
463,486
464,487
465,488
466,489
467,490
468,491
469,492
470,493
471,493
472,496
473,497
474,498
475,499
476,500
477,501
478,502
479,503
480,504
481,505
482,506
483,507
484,508
485,509
486,510
487,511
488,512
489,513
490,514
491,515
492,516
493,517
494,518
495,519
496,520
497,521
498,522
499,523
500,524
501,525
502,526
503,527
504,528
505,529
506,530
507,531
508,532
509,533
510,534
511,535
512,536
513,537
514,538
515,539
516,540
517,541
518,542
519,543
520,544
521,545
522,546
523,547
524,548
525,549
526,550
527,551
528,552
529,553
530,554
531,555
532,556
533,557
534,558
535,559
536,560
537,561
538,563
539,564
540,565
541,566
542,567
543,568
544,569
545,570
546,571
547,572
548,573
549,574
550,575
551,576
552,577
553,578
554,579
555,580
556,581
557,582
558,584
559,585
560,586
561,587
562,588
563,589
564,590
565,591
566,592
567,593
568,594
569,595
570,596
571,597
572,598
573,599
574,600
575,601
576,602
577,603
578,604
579,605
580,606
581,607
582,608
583,609
584,610
585,611
586,612
587,613
588,615
589,616
590,617
591,618
592,619
593,620
594,621
595,622
596,623
597,624
598,625
599,626
600,627
601,628
602,629
603,630
604,631
605,632
606,633
607,634
608,635
609,636
610,637
611,638
612,639
613,640
614,641
615,642
616,643
617,644
618,645
619,646
620,647
621,648
622,649
623,650
624,651
625,652
626,653
627,654
628,655
629,656
630,657
631,658
632,659
633,660
634,661
635,662
636,663
637,664
638,665
639,666
640,667
641,668
642,669
643,670
644,671
645,672
646,673
647,674
648,675
649,676
650,677
651,678
652,679
653,680
654,681
655,682
656,683
657,684
658,685
659,686
660,687
661,688
662,689
663,690
664,691
665,692
666,693
667,694
668,695
669,696
670,697
671,698
672,699
673,700
674,701
675,702
676,703
677,704
678,705
679,706
680,707
681,708
682,709
683,710
684,711
685,712
686,713
687,714
688,715
689,716
690,717
691,718
692,719
693,720
694,720
695,722
<end>
</var/ftp/usrflash/Project/PMAC Script Language/Libraries/Mtr_Err_SubProg.pmc>,100007
0,7
1,8
2,9
3,10
4,11
5,12
6,13
7,14
8,16
9,17
10,18
11,20
12,21
13,22
14,23
15,24
16,25
17,26
18,27
19,28
20,29
21,30
22,31
23,33
24,34
25,35
26,36
27,37
28,38
29,39
30,40
31,41
32,42
33,42
34,46
35,47
36,48
37,49
38,51
39,52
40,53
41,54
42,55
43,56
44,57
45,58
46,59
47,60
48,61
49,62
50,64
51,65
52,66
53,67
54,68
55,69
56,70
57,71
58,72
59,73
60,74
61,75
62,76
63,77
64,78
65,79
66,80
67,81
68,82
69,83
70,84
71,84
72,85
<end>
</var/ftp/usrflash/Project/PMAC Script Language/Libraries/Mtr_Prog_SubProg.pmc>,100008
0,4
1,5
2,6
3,7
4,8
5,9
6,10
7,11
8,12
9,13
10,14
11,15
12,16
13,17
14,18
15,19
16,20
17,21
18,22
19,23
20,23
21,26
22,27
23,28
24,29
25,30
26,31
27,32
28,33
29,34
30,34
31,39
32,40
33,41
34,42
35,43
36,44
37,45
38,46
39,47
40,48
41,49
42,50
43,51
44,52
45,53
46,54
47,55
48,56
49,57
50,58
51,59
52,60
53,61
54,62
55,62
56,68
57,69
58,70
59,71
60,72
61,73
62,74
63,75
64,76
65,77
66,78
67,79
68,80
69,81
70,82
71,83
72,84
73,85
74,86
75,87
76,88
77,89
78,90
79,91
80,91
81,95
82,96
83,97
84,99
85,101
86,102
87,103
88,104
89,105
90,106
91,107
92,108
93,109
94,110
95,111
96,112
97,113
98,114
99,115
100,116
101,117
102,118
103,119
104,120
105,121
106,122
107,123
108,124
109,125
110,126
111,127
112,128
113,129
114,130
115,131
116,132
117,133
118,134
119,135
120,136
121,137
122,138
123,139
124,140
125,141
126,142
127,143
128,144
129,145
130,146
131,147
132,148
133,148
134,149
<end>
</var/ftp/usrflash/Project/PMAC Script Language/Libraries/Mtr_Set_SubProg.pmc>,100009
0,5
1,6
2,7
3,8
4,9
5,10
6,11
7,12
8,13
9,13
10,17
11,18
12,19
13,20
14,21
15,22
16,23
17,23
18,26
19,27
20,28
21,31
22,32
23,33
24,35
25,36
26,37
27,38
28,39
29,40
30,41
31,42
32,43
33,44
34,45
35,46
36,47
37,48
38,49
39,50
40,51
41,52
42,53
43,54
44,56
45,57
46,58
47,59
48,60
49,61
50,62
51,63
52,64
53,65
54,66
55,67
56,67
57,92
58,93
59,94
60,95
61,96
62,97
63,98
64,99
65,100
66,101
67,102
68,103
69,104
70,105
71,106
72,107
73,108
74,109
75,110
76,111
77,112
78,113
79,114
80,114
81,115
<end>
</var/ftp/usrflash/Project/PMAC Script Language/Libraries/Plc_Prog_SubProg.pmc>,100010
0,4
1,5
2,6
3,7
4,8
5,9
6,10
7,11
8,12
9,13
10,14
11,15
12,16
13,17
14,18
15,19
16,20
17,21
18,21
19,22
<end>
</var/ftp/usrflash/Project/PMAC Script Language/PLC Programs/PLC_01_SYS_INIT.plc>,1
0,5
1,6
2,7
3,9
4,11
5,12
6,13
7,14
8,17
9,19
10,20
11,21
12,22
13,23
14,24
15,25
16,26
17,27
18,29
19,30
20,31
21,34
22,35
23,36
24,37
25,38
26,39
27,40
28,41
29,42
30,43
31,44
32,46
33,47
34,48
35,49
36,50
37,51
38,52
39,53
40,54
41,55
42,56
43,57
44,58
45,59
46,60
47,61
48,62
49,63
50,64
51,65
52,66
53,67
54,68
55,69
56,72
57,73
58,74
59,75
60,76
61,77
62,78
63,79
64,80
65,81
66,82
67,85
68,86
69,89
70,90
71,94
72,95
73,96
74,100
75,101
76,102
77,103
78,104
79,105
80,106
81,107
82,108
83,109
84,110
85,111
86,112
87,114
88,115
89,116
90,118
91,119
<end>
</var/ftp/usrflash/Project/PMAC Script Language/PLC Programs/PLC_02_PROG_ALARM.plc>,2
0,4
1,5
2,6
3,7
4,8
5,10
6,12
7,13
8,14
9,15
10,16
11,17
12,18
13,19
14,20
15,21
16,22
17,23
18,24
19,25
20,26
21,27
22,28
23,29
24,30
25,31
26,32
27,33
28,34
29,35
30,36
31,37
32,38
33,39
34,40
35,41
36,42
37,43
38,44
39,45
40,46
41,47
42,48
43,49
44,50
45,51
46,52
47,53
48,54
49,55
50,56
51,57
52,58
53,59
54,60
55,61
56,62
57,63
58,64
59,65
60,66
61,67
62,68
63,69
64,70
65,71
66,72
67,73
68,74
69,76
70,77
71,78
72,79
73,80
74,81
75,82
76,83
77,84
78,85
79,86
80,87
81,88
82,89
83,90
84,91
85,92
86,93
87,94
88,95
89,96
90,100
91,101
92,103
93,104
94,105
95,106
96,107
97,108
98,109
99,110
100,111
101,112
102,113
103,114
104,115
105,116
106,117
107,118
108,119
109,120
110,121
111,122
112,123
113,124
114,125
115,126
116,127
117,128
118,129
119,130
120,131
121,132
122,133
123,134
124,135
125,136
126,137
127,138
128,139
129,140
130,141
131,142
132,143
133,144
134,145
135,146
136,147
137,148
138,149
139,150
140,152
141,153
142,154
143,155
144,156
145,158
146,159
147,160
148,161
149,162
150,163
151,164
152,165
153,166
154,167
155,168
156,169
157,170
158,171
159,172
160,173
161,174
162,175
163,176
164,177
165,178
166,179
167,182
168,183
169,184
170,185
171,186
172,187
173,188
174,189
175,190
176,191
177,192
178,193
179,194
180,195
181,196
182,197
183,198
184,200
185,201
186,202
187,203
188,204
189,205
190,206
191,207
192,208
193,209
194,210
195,211
196,212
197,213
198,214
199,215
200,216
201,217
202,218
203,219
204,220
205,221
206,223
207,224
208,225
209,226
210,227
211,228
212,230
213,231
214,232
215,233
216,234
217,235
218,236
219,237
220,238
221,239
222,240
223,241
224,243
225,244
226,245
227,246
228,247
229,248
230,249
231,251
232,252
233,254
234,255
235,257
236,258
237,260
238,261
239,262
240,263
241,264
242,265
243,266
244,267
245,268
246,270
247,271
248,272
249,273
250,275
251,276
252,277
253,285
<end>
</var/ftp/usrflash/Project/PMAC Script Language/PLC Programs/PLC_03_PROG_INTERFACE.plc>,3
0,3
1,4
2,5
3,6
4,7
5,8
6,9
7,10
8,11
9,12
10,13
11,14
12,16
13,17
14,18
15,19
16,21
17,22
18,23
19,24
20,25
21,27
22,28
23,29
24,30
25,32
26,33
27,34
28,35
29,36
30,39
31,40
32,41
33,42
34,43
35,44
36,45
37,46
38,47
39,48
40,49
41,50
42,51
43,54
44,55
45,56
46,57
47,58
48,59
49,60
50,61
51,62
52,65
53,66
54,67
55,68
56,69
57,70
58,71
59,72
60,73
61,74
62,75
63,76
64,77
65,78
66,79
67,80
68,83
69,84
70,85
71,86
72,87
73,88
74,89
75,90
76,91
77,92
78,93
79,94
80,95
81,96
82,97
83,98
84,101
85,102
86,103
87,104
88,105
89,106
90,107
91,108
92,109
93,112
94,113
95,114
96,115
97,117
98,118
99,119
100,120
101,122
102,124
103,125
104,126
105,128
106,129
107,130
108,131
109,132
110,134
111,135
112,136
113,137
114,138
115,140
116,141
117,142
118,143
119,144
120,145
121,146
122,149
<end>
</var/ftp/usrflash/Project/PMAC Script Language/PLC Programs/PLC_04_PROG_ALLHOME.plc>,4
0,9
1,10
2,12
3,13
4,14
5,15
6,16
7,17
8,18
9,19
10,20
11,21
12,22
13,23
14,24
15,25
16,26
17,27
18,28
19,29
20,30
21,31
22,32
23,33
24,34
25,35
26,36
27,37
28,38
29,39
30,40
31,41
32,42
33,43
34,44
35,45
36,47
37,48
38,50
39,51
40,52
41,53
42,54
43,55
44,56
45,57
46,58
47,59
48,60
49,61
50,62
51,63
52,64
53,65
54,66
55,67
56,68
57,70
58,71
59,72
60,73
61,74
62,75
63,76
64,77
65,78
66,79
67,81
68,82
69,83
70,84
71,85
72,86
73,87
74,88
75,89
76,90
77,91
78,92
79,93
80,94
81,95
82,96
83,97
84,98
85,99
86,100
87,101
88,102
89,103
90,104
91,105
92,109
<end>
</var/ftp/usrflash/Project/PMAC Script Language/PLC Programs/PLC_05_PROG_MACH_AUTO.plc>,5
0,8
1,9
2,10
3,11
4,12
5,13
6,14
7,15
8,16
9,17
10,18
11,19
12,20
13,21
14,22
15,23
16,24
17,25
18,26
19,27
20,28
21,29
22,30
23,31
24,32
25,33
26,34
27,35
28,36
29,37
30,38
31,39
32,40
33,41
34,42
35,43
36,44
37,47
38,48
39,49
40,50
41,51
42,52
43,53
44,54
45,55
46,56
47,57
48,58
49,59
50,60
51,61
52,62
53,63
54,64
55,65
56,66
57,67
58,68
59,69
60,70
61,71
62,72
63,73
64,74
65,75
66,76
67,78
68,79
69,80
70,81
<end>
</var/ftp/usrflash/Project/PMAC Script Language/PLC Programs/PLC_07_PROG_UNIT_SEQ.plc>,7
0,9
1,10
2,12
3,13
4,14
5,15
6,16
7,17
8,19
9,20
10,21
11,22
12,23
13,24
14,25
15,26
16,27
17,28
18,29
19,30
20,31
21,32
22,33
23,34
24,35
25,36
26,37
27,38
28,39
29,40
30,41
31,42
32,43
33,44
34,45
35,46
36,47
37,48
38,49
39,50
40,51
41,52
42,53
43,54
44,55
45,56
46,57
47,58
48,59
49,60
50,61
51,62
52,63
53,64
54,65
55,66
56,67
57,68
58,69
59,70
60,71
61,72
62,73
63,74
64,75
65,76
66,77
67,78
68,79
69,80
70,81
71,82
72,83
73,84
74,85
75,86
76,87
77,88
78,89
79,90
80,91
81,92
82,93
83,94
84,95
85,96
86,97
87,98
88,99
89,100
90,101
91,102
92,103
93,104
94,105
95,106
96,108
97,109
98,111
99,112
100,113
101,114
102,116
103,117
104,118
105,119
106,120
107,121
108,122
109,123
110,124
111,125
112,126
113,127
114,128
115,129
116,130
117,131
118,132
119,133
120,134
121,135
122,136
123,137
124,138
125,139
126,140
127,141
128,142
129,143
130,144
131,145
132,146
133,147
134,148
135,149
136,150
137,151
138,152
139,153
140,154
141,155
142,156
143,157
144,158
145,159
146,160
147,161
148,162
149,163
150,164
151,165
152,166
153,167
154,168
155,169
156,170
157,172
158,173
159,174
160,178
161,179
162,181
163,182
164,183
165,184
166,185
167,186
168,187
169,188
170,189
171,190
172,191
173,192
174,193
175,194
176,195
177,196
178,197
179,198
180,199
181,200
182,201
183,202
184,203
185,204
186,205
187,206
188,207
189,208
190,209
191,210
192,211
193,212
194,213
195,214
196,215
197,216
198,217
199,218
200,219
201,220
202,221
203,223
204,224
205,225
206,226
207,227
208,228
209,229
210,230
211,231
212,232
213,233
214,234
215,235
216,236
217,237
218,238
219,239
220,240
221,241
222,242
223,243
224,244
225,245
226,246
227,247
228,248
229,249
230,250
231,251
232,252
233,253
234,254
235,255
236,256
237,257
238,258
239,259
240,260
241,261
242,262
243,263
244,264
245,265
246,266
247,267
248,268
249,269
250,270
251,271
252,272
253,273
254,274
255,275
256,277
257,278
258,280
259,281
260,282
261,283
262,284
263,285
264,286
265,287
266,288
267,289
268,290
269,291
270,292
271,293
272,294
273,295
274,296
275,297
276,298
277,299
278,300
279,301
280,302
281,303
282,304
283,305
284,306
285,307
286,308
287,309
288,310
289,311
290,312
291,313
292,314
293,315
294,316
295,317
296,318
297,319
298,320
299,321
300,322
301,323
302,324
303,325
304,326
305,327
306,328
307,329
308,330
309,331
310,332
311,333
312,334
313,335
314,336
315,337
316,338
317,340
318,341
319,342
320,344
<end>
</var/ftp/usrflash/Project/PMAC Script Language/PLC Programs/Plc08 Auto.plc>,8
0,5
1,6
2,7
3,8
4,10
5,11
6,12
7,13
8,17
9,18
10,19
11,20
12,21
13,22
14,23
15,24
16,25
17,26
18,27
19,28
20,30
21,31
22,32
23,33
24,34
25,35
26,36
27,37
28,39
29,40
30,41
31,42
32,43
33,44
34,45
35,46
36,48
37,49
38,50
39,51
40,52
41,53
42,54
43,55
44,56
45,57
46,58
47,59
48,60
49,61
50,62
51,63
52,64
53,65
54,66
55,67
56,68
57,69
58,70
59,72
60,73
61,74
62,75
63,76
64,77
65,78
66,79
67,80
68,81
69,82
70,83
71,84
72,85
73,86
74,87
75,88
76,89
77,90
78,91
79,92
80,93
81,94
82,99
83,100
84,101
85,102
86,103
87,104
88,105
89,106
90,107
91,108
92,109
<end>
</var/ftp/usrflash/Project/PMAC Script Language/PLC Programs/PLC_10_PROG_MANUAL_IN.plc>,10
0,6
1,7
2,8
3,9
4,10
5,11
6,13
7,14
8,16
9,17
10,18
11,19
12,20
13,21
14,22
15,23
16,24
17,26
18,27
19,28
20,29
21,30
22,31
23,33
24,34
25,35
26,36
27,37
28,38
29,39
30,40
31,41
32,42
33,43
34,44
35,45
36,46
37,48
38,50
39,51
40,53
41,54
42,55
43,56
44,57
45,58
46,60
47,61
48,62
49,63
50,64
51,65
52,66
53,67
54,68
55,69
56,70
57,72
58,73
59,74
60,75
61,76
62,77
63,78
64,79
65,80
66,81
67,82
68,83
69,84
70,85
71,86
72,87
73,88
74,89
75,90
76,91
77,92
78,93
79,94
80,95
81,96
82,97
83,98
84,99
85,100
86,101
87,102
88,103
89,104
90,105
91,106
92,107
93,108
94,109
95,110
<end>
</var/ftp/usrflash/Project/PMAC Script Language/PLC Programs/PLC_11_PROG_MANUAL_OUT.plc>,11
0,5
1,6
2,7
3,8
4,9
5,10
6,12
7,13
8,15
9,16
10,17
11,18
12,19
13,20
14,21
15,22
16,23
17,24
18,26
19,27
20,28
21,30
22,31
23,32
24,33
25,34
26,35
27,36
28,37
29,38
30,39
31,40
32,41
33,42
34,43
35,44
36,45
37,46
38,47
39,48
40,49
41,51
42,52
43,53
44,54
45,55
46,56
47,57
48,58
49,59
50,60
51,61
52,62
53,63
54,64
55,66
56,67
57,68
58,69
59,70
60,71
61,72
62,73
63,74
64,75
65,76
66,77
67,78
68,79
69,80
<end>
</var/ftp/usrflash/Project/PMAC Script Language/PLC Programs/PLC_12_PROG_SEN_SAFTY.plc>,12
0,6
1,7
2,8
3,9
4,10
5,11
6,12
7,14
8,15
9,16
10,17
11,18
12,19
13,20
14,21
15,24
16,25
17,26
18,27
19,28
20,29
21,31
22,32
23,33
24,34
25,35
26,36
27,37
28,38
29,42
30,43
31,44
32,45
33,46
34,47
35,48
36,49
37,50
38,51
39,52
40,53
41,54
42,55
43,56
44,58
45,59
46,60
47,61
48,62
49,63
50,64
51,65
52,66
53,67
54,70
55,71
56,72
57,73
58,74
59,75
60,76
61,77
62,78
63,79
64,80
65,81
66,82
67,83
68,84
69,86
70,87
71,88
72,89
73,90
74,91
75,92
76,93
77,94
78,95
79,99
80,100
81,101
82,102
83,103
84,104
85,105
86,107
87,108
88,109
89,110
90,111
91,112
92,113
93,114
94,118
95,119
96,120
97,121
98,122
99,123
100,124
101,125
102,127
103,128
104,130
105,131
106,132
107,133
108,134
109,135
110,136
111,137
112,138
113,139
114,140
115,141
116,142
117,143
118,144
119,145
120,146
121,147
122,148
123,149
124,150
125,151
126,152
127,153
128,154
129,155
130,156
131,157
132,158
133,159
134,160
135,161
136,162
137,163
138,164
139,165
140,168
141,169
142,170
143,171
144,172
145,173
146,174
147,175
148,177
149,178
150,179
151,180
152,181
153,182
154,183
155,184
156,185
157,186
158,187
159,188
160,189
161,190
162,191
163,192
164,193
165,194
166,195
167,196
168,197
169,198
170,199
171,200
172,201
173,202
174,203
175,204
176,205
177,206
178,207
179,208
180,209
181,210
182,211
183,212
184,213
185,214
186,218
187,219
188,220
189,221
190,222
191,223
192,224
193,225
194,226
195,227
196,228
197,229
198,230
199,231
200,232
201,233
202,234
203,235
204,236
205,237
206,238
207,239
208,240
209,241
210,242
211,243
212,244
213,245
214,246
215,247
216,248
217,249
218,250
219,251
220,252
221,253
222,254
223,255
224,257
225,258
226,259
227,260
228,261
229,262
230,263
231,264
232,265
233,266
234,267
235,268
236,269
237,270
238,271
239,272
240,273
241,274
242,275
243,276
244,277
245,278
246,279
247,280
248,281
249,282
250,283
251,284
252,285
253,286
254,287
255,288
256,289
257,290
258,291
259,292
260,293
261,294
262,296
<end>
</var/ftp/usrflash/Project/PMAC Script Language/PLC Programs/PLC_13_PROG_IO_OUT.plc>,13
0,6
1,7
2,8
3,9
4,10
5,11
6,12
7,13
8,14
9,15
10,16
11,17
12,18
13,19
14,20
15,21
16,22
17,23
18,26
19,27
20,28
21,29
22,30
23,31
24,32
25,33
26,34
27,35
28,36
29,37
30,38
31,39
32,40
33,41
34,42
35,43
36,44
37,45
38,46
39,47
40,48
41,49
42,50
43,51
44,52
45,53
46,54
47,58
48,59
49,60
50,61
51,62
52,63
53,64
54,65
55,66
56,67
57,68
58,69
59,70
60,71
61,72
62,73
63,74
64,75
65,79
66,81
<end>
</var/ftp/usrflash/Project/PMAC Script Language/PLC Programs/PLC_21_MT_PROG_BASIC_MOVE.plc>,21
0,8
1,9
2,10
3,11
4,14
5,15
6,16
7,17
8,18
9,19
10,21
11,22
12,24
13,26
14,27
15,29
16,30
17,32
18,33
19,35
20,37
21,38
22,39
23,41
24,42
25,44
26,46
27,47
28,48
29,49
30,50
31,51
32,52
33,53
<end>
</var/ftp/usrflash/Project/PMAC Script Language/PLC Programs/PLC_22_MT_PROG_BASIC_ERROR.plc>,22
0,7
1,8
2,9
3,10
4,11
5,12
6,14
7,15
8,16
9,17
10,19
11,20
12,21
13,23
14,24
15,25
16,26
17,27
18,28
19,29
20,30
21,31
22,32
23,33
24,34
25,35
26,36
27,37
28,38
29,39
30,40
31,41
32,42
33,43
34,44
35,45
36,46
37,47
38,48
39,49
40,50
41,51
42,52
<end>
</var/ftp/usrflash/Project/PMAC Script Language/PLC Programs/PLC_23_MT_PROG_BASIC_STAT_UPDATE.plc>,23
0,8
1,9
2,10
3,11
4,12
5,13
6,14
7,15
8,16
9,17
10,18
11,19
12,20
13,21
14,22
15,23
16,24
17,25
18,26
19,27
20,28
21,29
22,30
23,31
24,32
25,35
26,36
27,37
28,38
29,39
30,40
31,41
<end>
